40 9 39 30 20 29 8 22 36 1 17 11 18 26 3 38 27 5 23 10 25 31 2 34 16 4 32 7 12 15 6 35 19 24 21 28 14 13 37 33 	33185.84767925708	356772.08962620853
40 38 35 33 31 29 26 24 22 20 18 16 14 12 10 7 5 3 1 2 4 6 8 9 11 13 15 17 19 21 23 25 27 28 30 32 34 36 37 39 	33303.1555816391	308859.1847009836
1 2 3 4 5 6 7 8 9 10 11 12 13 14 15 16 17 18 19 20 21 22 23 24 25 26 27 28 29 30 31 32 33 34 35 36 37 38 39 40 	22390.096819092985	381123.49359653785
36 34 32 30 28 25 23 21 19 17 15 13 11 9 7 5 3 1 2 4 6 8 10 12 14 16 18 20 22 24 26 27 29 31 33 35 37 38 39 40 	31298.867633140344	311131.6625977911
27 26 24 23 21 19 17 15 13 10 8 6 4 2 1 3 5 7 9 11 12 14 16 18 20 22 25 28 29 30 31 32 33 34 35 36 37 38 39 40 	28000.17472647368	325560.702278437
29 27 26 24 22 20 18 15 13 11 9 7 5 3 1 2 4 6 8 10 12 14 16 17 19 21 23 25 28 30 31 32 33 34 35 36 37 38 39 40 	28406.518191385097	323003.0010930886
38 36 34 31 29 27 25 23 21 18 16 14 12 10 8 6 4 2 1 3 5 7 9 11 13 15 17 19 20 22 24 26 28 30 32 33 35 37 39 40 	32141.116980506922	309654.89314294996
35 33 30 28 26 24 22 20 18 16 14 11 9 7 5 3 1 2 4 6 8 10 12 13 15 17 19 21 23 25 27 29 31 32 34 36 37 38 39 40 	30585.366829967043	313051.8076397109
23 25 22 20 18 17 15 13 11 9 7 5 3 1 2 4 6 8 10 12 14 16 19 21 24 26 27 28 29 30 31 32 33 34 35 36 37 38 39 40 	27129.421533542296	331846.91253162234
14 20 19 17 16 13 11 9 7 5 3 1 2 4 6 8 10 12 15 18 21 22 23 24 25 26 27 28 29 30 31 32 33 34 35 36 37 38 39 40 	25346.43086319966	347769.62706076336
26 25 24 22 20 18 16 14 12 10 8 6 4 2 1 3 5 7 9 11 13 15 17 19 21 23 27 28 29 30 31 32 33 34 35 36 37 38 39 40 	27723.965654705793	327422.9608287886
33 31 29 27 25 23 20 18 16 14 12 10 8 6 4 2 1 3 5 7 9 11 13 15 17 19 21 22 24 26 28 30 32 34 35 36 37 38 39 40 	29761.67292568661	316036.6634741164
35 33 31 29 27 24 22 20 18 16 14 12 10 8 6 4 2 1 3 5 7 9 11 13 15 17 19 21 23 25 26 28 30 32 34 36 37 38 39 40 	30801.98190441489	312389.9313219703
39 37 34 32 30 28 25 23 21 19 17 15 13 11 9 7 5 3 1 2 4 6 8 10 12 14 16 18 20 22 24 26 27 29 31 33 35 36 38 40 	32773.9137612334	309034.27329167124
38 35 33 31 29 26 24 22 20 18 16 14 12 10 7 5 3 1 2 4 6 8 9 11 13 15 17 19 21 23 25 27 28 30 32 34 36 37 39 40 	31918.14849084087	309949.0307194189
34 32 30 27 25 23 21 19 17 15 13 11 9 7 5 3 1 2 4 6 8 10 12 14 16 18 20 22 24 26 28 29 31 33 35 36 37 38 39 40 	30203.87313007897	314328.6466985995
31 30 28 26 23 21 19 17 15 13 11 9 7 5 3 1 2 4 6 8 10 12 14 16 18 20 22 24 25 27 29 32 33 34 35 36 37 38 39 40 	29227.838832650577	318471.3179945444
15 20 19 18 16 13 11 9 7 5 3 2 1 4 6 8 10 12 14 17 21 22 23 24 25 26 27 28 29 30 31 32 33 34 35 36 37 38 39 40 	25518.6228501712	346086.83492650243
25 26 23 21 19 17 15 13 11 9 7 5 3 1 2 4 6 8 10 12 14 16 18 20 22 24 27 28 29 30 31 32 33 34 35 36 37 38 39 40 	27364.560879788423	330026.3928097144
21 24 22 19 18 16 14 12 10 8 6 4 2 1 3 5 7 9 11 13 15 17 20 23 25 26 27 28 29 30 31 32 33 34 35 36 37 38 39 40 	26865.454481190838	333961.8593421856
10 17 19 16 15 13 11 8 6 4 2 1 3 5 7 9 12 14 18 20 21 22 23 24 25 26 27 28 29 30 31 32 33 34 35 36 37 38 39 40 	24800.585873699285	353300.1611485144
1 12 16 15 14 11 9 7 5 3 2 4 6 8 10 13 17 18 19 20 21 22 23 24 25 26 27 28 29 30 31 32 33 34 35 36 37 38 39 40 	23699.270617223305	365138.63328775787
37 35 33 30 28 26 24 22 20 18 15 13 11 9 7 5 3 1 2 4 6 8 10 12 14 16 17 19 21 23 25 27 29 31 32 34 36 38 39 40 	31687.73780385758	310328.02196501696
36 33 31 29 27 25 23 20 18 16 14 12 10 8 6 4 2 1 3 5 7 9 11 13 15 17 19 21 22 24 26 28 30 32 34 35 37 38 39 40 	30840.17964706564	312283.3526587199
31 29 27 25 23 21 19 17 15 13 11 9 7 5 3 1 2 4 6 8 10 12 14 16 18 20 22 24 26 28 30 32 33 34 35 36 37 38 39 40 	29118.312850766677	319008.95637642476
28 27 25 23 21 19 17 15 13 11 9 7 5 3 1 2 4 6 8 10 12 14 16 18 20 22 24 26 29 30 31 32 33 34 35 36 37 38 39 40 	28181.56233213304	324372.2118145071
33 31 29 27 25 23 21 19 17 15 13 11 8 6 4 2 1 3 5 7 9 10 12 14 16 18 20 22 24 26 28 30 32 34 35 36 37 38 39 40 	29947.622325395136	315293.6925977968
31 30 28 26 24 21 19 17 15 13 11 9 7 5 3 1 2 4 6 8 10 12 14 16 18 20 22 23 25 27 29 32 33 34 35 36 37 38 39 40 	29268.546454401752	318273.79131518526
25 26 23 21 20 18 16 14 12 10 8 6 4 2 1 3 5 7 9 11 13 15 17 19 22 24 27 28 29 30 31 32 33 34 35 36 37 38 39 40 	27617.453871879	328187.9402648338
30 29 27 25 23 21 19 16 14 12 10 8 6 4 2 1 3 5 7 9 11 13 15 17 18 20 22 24 26 28 31 32 33 34 35 36 37 38 39 40 	28972.52564628107	319779.7992917574
1 9 13 14 12 10 8 6 4 2 3 5 7 11 15 16 17 18 19 20 21 22 23 24 25 26 27 28 29 30 31 32 33 34 35 36 37 38 39 40 	23185.50049630193	371119.1556422585
15 20 19 18 16 13 11 9 7 5 3 1 2 4 6 8 10 12 14 17 21 22 23 24 25 26 27 28 29 30 31 32 33 34 35 36 37 38 39 40 	25516.787814303014	346104.56955891405
38 36 33 31 29 27 24 22 20 18 16 14 12 10 8 6 4 2 1 3 5 7 9 11 13 15 17 19 21 23 25 26 28 30 32 34 35 37 39 40 	31971.513653354334	309869.8075977351
32 30 28 26 24 22 20 18 16 14 11 9 7 5 3 1 2 4 6 8 10 12 13 15 17 19 21 23 25 27 29 31 33 34 35 36 37 38 39 40 	29494.69994533182	317208.3750668768
34 32 30 28 25 23 21 19 17 15 13 11 9 7 5 3 1 2 4 6 8 10 12 14 16 18 20 22 24 26 27 29 31 33 35 36 37 38 39 40 	30251.946330405848	314152.455768089
40 37 35 33 30 28 26 24 22 19 17 15 13 11 9 7 5 3 1 2 4 6 8 10 12 14 16 18 20 21 23 25 27 29 31 32 34 36 38 39 	33027.62010634509	308893.21340460196
39 36 34 32 30 27 25 23 21 19 17 15 12 10 8 6 4 2 1 3 5 7 9 11 13 14 16 18 20 22 24 26 28 29 31 33 35 37 38 40 	32561.76735037869	309210.06987332494
17 21 20 19 16 14 12 10 8 6 4 2 1 3 5 7 9 11 13 15 18 22 23 24 25 26 27 28 29 30 31 32 33 34 35 36 37 38 39 40 	25941.390872603242	342077.2417779258
28 26 25 23 21 19 17 15 13 11 9 7 5 3 1 2 4 6 8 10 12 14 16 18 20 22 24 27 29 30 31 32 33 34 35 36 37 38 39 40 	28127.02988449453	324725.0396418885
1 2 6 11 10 9 7 4 3 5 8 12 13 14 15 16 17 18 19 20 21 22 23 24 25 26 27 28 29 30 31 32 33 34 35 36 37 38 39 40 	22627.41405167658	378008.09807117505
34 32 30 28 26 24 22 20 17 15 13 11 9 7 5 3 1 2 4 6 8 10 12 14 16 18 19 21 23 25 27 29 31 33 35 36 37 38 39 40 	30343.253625436544	313836.97332422034
37 35 32 30 28 26 24 21 19 17 15 13 11 9 7 5 3 1 2 4 6 8 10 12 14 16 18 20 22 23 25 27 29 31 33 34 36 38 39 40 	31583.695618788395	310522.83264072385
39 37 34 32 30 27 25 23 21 19 17 15 13 11 8 6 4 2 1 3 5 7 9 10 12 14 16 18 20 22 24 26 28 29 31 33 35 36 38 40 	32702.85533894046	309088.8605680113
36 34 32 30 27 25 23 21 19 17 15 13 10 8 6 4 2 1 3 5 7 9 11 12 14 16 18 20 22 24 26 28 29 31 33 35 37 38 39 40 	31217.52408367596	311317.80200453335
31 30 28 26 24 22 19 17 15 13 11 9 7 5 3 1 2 4 6 8 10 12 14 16 18 20 21 23 25 27 29 32 33 34 35 36 37 38 39 40 	29323.063702544525	318011.9346791861
34 32 30 28 26 23 21 19 17 15 13 11 9 7 5 3 1 2 4 6 8 10 12 14 16 18 20 22 24 25 27 29 31 33 35 36 37 38 39 40 	30251.946330405848	314152.455768089
33 31 29 27 25 23 21 19 17 15 12 10 8 6 4 2 1 3 5 7 9 11 13 14 16 18 20 22 24 26 28 30 32 34 35 36 37 38 39 40 	29939.621755611195	315324.4559464833
30 29 27 25 23 21 19 17 15 13 11 9 6 4 2 1 3 5 7 8 10 12 14 16 18 20 22 24 26 28 31 32 33 34 35 36 37 38 39 40 	29061.422970981344	319306.0992286598
29 28 26 24 22 20 18 16 14 12 10 8 6 4 2 1 3 5 7 9 11 13 15 17 19 21 23 25 27 30 31 32 33 34 35 36 37 38 39 40 	28646.371113609363	321571.27265346074
36 34 32 29 27 25 23 21 19 17 15 12 10 8 6 4 2 1 3 5 7 9 11 13 14 16 18 20 22 24 26 28 30 31 33 35 37 38 39 40 	31166.987680322953	311438.9045516515
35 33 31 29 26 24 22 20 18 16 14 12 10 8 6 3 1 2 4 5 7 9 11 13 15 17 19 21 23 25 27 28 30 32 34 36 37 38 39 40 	30755.914778513335	312525.1453356052
37 35 32 30 28 26 24 22 19 17 15 13 11 9 7 5 3 1 2 4 6 8 10 12 14 16 18 20 21 23 25 27 29 31 33 34 36 38 39 40 	31634.2887443668	310423.8394076394
36 34 32 30 27 25 23 21 19 17 15 13 11 8 6 4 2 1 3 5 7 9 10 12 14 16 18 20 22 24 26 28 29 31 33 35 37 38 39 40 	31225.30800757945	311299.44819560176
34 32 30 28 26 24 22 19 17 15 13 11 9 7 5 3 1 2 4 6 8 10 12 14 16 18 20 21 23 25 27 29 31 33 35 36 37 38 39 40 	30343.253625436544	313836.97332422034
12 18 19 17 15 13 11 9 7 5 3 1 2 4 6 8 10 14 16 20 21 22 23 24 25 26 27 28 29 30 31 32 33 34 35 36 37 38 39 40 	25072.656956232713	350506.4079181853
20 22 21 18 17 15 13 11 9 7 5 3 1 2 4 6 8 10 12 14 16 19 23 24 25 26 27 28 29 30 31 32 33 34 35 36 37 38 39 40 	26327.58000606811	338565.13193198136
23 24 21 20 18 16 14 12 10 8 6 4 2 1 3 5 7 9 11 13 15 17 19 22 25 26 27 28 29 30 31 32 33 34 35 36 37 38 39 40 	26918.499537017957	333527.7196421858
27 26 24 22 20 18 16 14 12 10 8 6 4 2 1 3 5 7 9 11 13 15 17 19 21 23 25 28 29 30 31 32 33 34 35 36 37 38 39 40 	27786.99921417522	326981.8333749937
24 25 23 21 19 17 15 13 11 9 7 5 3 1 2 4 6 8 10 12 14 16 18 20 22 26 27 28 29 30 31 32 33 34 35 36 37 38 39 40 	27333.70233446074	330254.92917652236
20 23 22 19 17 15 13 11 9 7 5 3 1 2 4 6 8 10 12 14 16 18 21 24 25 26 27 28 29 30 31 32 33 34 35 36 37 38 39 40 	26523.00253466568	336852.63689294114
18 22 20 19 16 14 12 10 8 6 4 2 1 3 5 7 9 11 13 15 17 21 23 24 25 26 27 28 29 30 31 32 33 34 35 36 37 38 39 40 	26120.697090325713	340427.0309575513
1 14 16 15 13 11 9 7 5 4 2 3 6 8 10 12 17 18 19 20 21 22 23 24 25 26 27 28 29 30 31 32 33 34 35 36 37 38 39 40 	23726.920268997983	364828.0309917132
11 18 19 16 15 13 10 8 6 4 2 1 3 5 7 9 12 14 17 20 21 22 23 24 25 26 27 28 29 30 31 32 33 34 35 36 37 38 39 40 	24899.443143383294	352276.31942840765
9 17 18 16 14 12 11 8 6 4 2 1 3 5 7 10 13 15 19 20 21 22 23 24 25 26 27 28 29 30 31 32 33 34 35 36 37 38 39 40 	24473.381744384304	356712.2197088156
1 11 15 14 13 10 8 7 5 3 2 4 6 9 12 16 17 18 19 20 21 22 23 24 25 26 27 28 29 30 31 32 33 34 35 36 37 38 39 40 	23462.463023253724	367856.94348032476
1 2 11 13 12 10 8 6 4 3 5 7 9 14 15 16 17 18 19 20 21 22 23 24 25 26 27 28 29 30 31 32 33 34 35 36 37 38 39 40 	22934.42346029179	374159.2332737679
23 24 22 20 18 16 14 12 10 8 6 4 2 1 3 5 7 9 11 13 15 17 19 21 25 26 27 28 29 30 31 32 33 34 35 36 37 38 39 40 	26983.505945637673	332997.04302446294
20 23 21 19 17 15 13 11 9 7 5 3 1 2 4 6 8 10 12 14 16 18 22 24 25 26 27 28 29 30 31 32 33 34 35 36 37 38 39 40 	26460.062993113123	337397.32318447664
12 18 19 17 15 13 10 9 7 5 3 1 2 4 6 8 11 14 16 20 21 22 23 24 25 26 27 28 29 30 31 32 33 34 35 36 37 38 39 40 	25062.964675767293	350604.2752168998
32 30 28 26 24 22 20 18 16 14 12 9 7 5 3 1 2 4 6 8 10 11 13 15 17 19 21 23 25 27 29 31 33 34 35 36 37 38 39 40 	29530.539019258966	317044.17949438497
35 33 30 28 26 24 22 20 18 16 13 11 9 7 5 3 1 2 4 6 8 10 12 14 15 17 19 21 23 25 27 29 31 32 34 36 37 38 39 40 	30543.96844506911	313183.1547529227
36 34 31 29 27 25 23 21 19 16 14 12 10 8 6 4 2 1 3 5 7 9 11 13 15 17 18 20 22 24 26 28 30 32 33 35 37 38 39 40 	31069.40907762503	311681.8130813709
29 27 26 24 22 20 17 15 13 11 9 7 5 3 1 2 4 6 8 10 12 14 16 18 19 21 23 25 28 30 31 32 33 34 35 36 37 38 39 40 	28347.28921247377	323360.75232402433
37 34 32 30 28 26 23 21 19 17 15 13 11 9 7 5 3 1 2 4 6 8 10 12 14 16 18 20 22 24 25 27 29 31 33 35 36 38 39 40 	31449.62590219813	310798.96028387133
36 34 32 29 27 25 23 21 19 17 14 12 10 8 6 4 2 1 3 5 7 9 11 13 15 16 18 20 22 24 26 28 30 31 33 35 37 38 39 40 	31122.877515771583	311547.1174887338
33 31 29 27 24 22 20 18 16 14 12 10 8 6 4 2 1 3 5 7 9 11 13 15 17 19 21 23 25 26 28 30 32 34 35 36 37 38 39 40 	29721.856258055817	316203.5464598464
35 33 31 28 26 24 22 20 18 16 14 12 10 7 5 3 1 2 4 6 8 9 11 13 15 17 19 21 23 25 27 29 30 32 34 36 37 38 39 40 	30697.207970179963	312703.50112618756
32 30 28 26 24 22 20 18 16 13 11 9 7 5 3 1 2 4 6 8 10 12 14 15 17 19 21 23 25 27 29 31 33 34 35 36 37 38 39 40 	29452.022363089265	317405.4334847157
30 29 27 25 23 21 18 16 14 12 10 8 6 4 2 1 3 5 7 9 11 13 15 17 19 20 22 24 26 28 31 32 33 34 35 36 37 38 39 40 	28879.614508433904	320281.7248739667
32 30 28 26 24 22 20 18 15 13 11 9 7 5 3 1 2 4 6 8 10 12 14 16 17 19 21 23 25 27 29 31 33 34 35 36 37 38 39 40 	29414.741098670267	317579.10439433675
34 32 30 28 26 24 21 19 17 15 13 11 9 7 5 3 1 2 4 6 8 10 12 14 16 18 20 22 23 25 27 29 31 33 35 36 37 38 39 40 	30290.872043916253	314016.21647598816
33 31 29 27 25 23 21 19 16 14 12 10 8 6 4 2 1 3 5 7 9 11 13 15 17 18 20 22 24 26 28 30 32 34 35 36 37 38 39 40 	29867.978284506375	315607.0483175879
21 24 22 20 18 16 14 12 10 8 6 4 2 1 3 5 7 9 11 13 15 17 19 23 25 26 27 28 29 30 31 32 33 34 35 36 37 38 39 40 	26865.454481190838	333961.8593421856
17 22 20 19 16 14 12 10 8 6 4 2 1 3 5 7 9 11 13 15 18 21 23 24 25 26 27 28 29 30 31 32 33 34 35 36 37 38 39 40 	26011.06021349613	341434.2934209597
30 29 27 25 23 21 19 17 15 13 10 8 6 4 2 1 3 5 7 9 11 12 14 16 18 20 22 24 26 28 31 32 33 34 35 36 37 38 39 40 	29046.61821780789	319383.95052149106
32 30 28 26 24 22 20 18 16 14 12 10 8 6 4 2 1 3 5 7 9 11 13 15 17 19 21 23 25 27 29 31 33 34 35 36 37 38 39 40 	29592.80456136152	316761.2126221117
30 28 26 24 22 20 18 16 14 12 10 8 6 4 2 1 3 5 7 9 11 13 15 17 19 21 23 25 27 29 31 32 33 34 35 36 37 38 39 40 	28713.25212816821	321190.8220756672
21 23 22 19 17 16 14 12 10 8 6 4 2 1 3 5 7 9 11 13 15 18 20 24 25 26 27 28 29 30 31 32 33 34 35 36 37 38 39 40 	26750.98579569435	334920.7295304333
19 22 21 18 16 15 13 11 9 7 5 3 1 2 4 6 8 10 12 14 17 20 23 24 25 26 27 28 29 30 31 32 33 34 35 36 37 38 39 40 	26296.386243016765	338843.2618651393
33 31 29 27 25 23 21 19 17 15 13 10 8 6 4 2 1 3 5 7 9 11 12 14 16 18 20 22 24 26 28 30 32 34 35 36 37 38 39 40 	29939.621755611195	315324.4559464833
29 27 25 23 21 19 17 15 13 11 9 7 5 3 1 2 4 6 8 10 12 14 16 18 20 22 24 26 28 30 31 32 33 34 35 36 37 38 39 40 	28247.176773017694	323969.4161592775
30 28 27 25 22 20 18 16 14 12 10 8 6 4 2 1 3 5 7 9 11 13 15 17 19 21 23 24 26 29 31 32 33 34 35 36 37 38 39 40 	28785.31471965762	320795.0465641042
39 36 34 32 29 27 25 23 21 19 17 14 12 10 8 6 4 2 1 3 5 7 9 11 13 15 16 18 20 22 24 26 28 30 31 33 35 37 38 40 	32470.638837864302	309294.40958980954
38 36 33 31 29 27 25 22 20 18 16 14 12 10 8 6 4 2 1 3 5 7 9 11 13 15 17 19 21 23 24 26 28 30 32 34 35 37 39 40 	31990.87450360951	309843.56801860343
32 31 29 27 24 22 20 18 16 14 12 10 8 6 4 2 1 3 5 7 9 11 13 15 17 19 21 23 25 26 28 30 33 34 35 36 37 38 39 40 	29721.856258055817	316203.5464598464
29 28 26 24 22 20 18 16 14 12 9 7 5 3 1 2 4 6 8 10 11 13 15 17 19 21 23 25 27 30 31 32 33 34 35 36 37 38 39 40 	28582.143837282427	321952.7492554891
38 35 33 31 29 26 24 22 20 18 16 14 12 10 8 6 4 2 1 3 5 7 9 11 13 15 17 19 21 23 25 27 28 30 32 34 36 37 39 40 	31928.831314681447	309932.74818714516
35 33 31 28 26 24 22 20 18 16 14 12 9 7 5 3 1 2 4 6 8 10 11 13 15 17 19 21 23 25 27 29 30 32 34 36 37 38 39 40 	30647.62660723102	312856.7733535523
35 33 31 29 26 24 22 20 18 16 14 12 10 8 6 4 2 1 3 5 7 9 11 13 15 17 19 21 23 25 27 28 30 32 34 36 37 38 39 40 	30757.473636500228	312520.44172508095
35 33 31 28 26 24 22 20 18 16 14 12 10 8 5 3 1 2 4 6 7 9 11 13 15 17 19 21 23 25 27 29 30 32 34 36 37 38 39 40 	30702.695269337975	312686.7005496935
37 35 33 30 28 26 24 22 20 17 15 13 11 9 7 5 3 1 2 4 6 8 10 12 14 16 18 19 21 23 25 27 29 31 32 34 36 38 39 40 	31634.2887443668	310423.8394076394
33 31 29 27 25 23 21 18 16 14 12 10 8 6 4 2 1 3 5 7 9 11 13 15 17 19 20 22 24 26 28 30 32 34 35 36 37 38 39 40 	29778.484084037445	315967.8660189158
32 30 28 26 24 22 20 17 15 13 11 9 7 5 3 1 2 4 6 8 10 12 14 16 18 19 21 23 25 27 29 31 33 34 35 36 37 38 39 40 	29357.74923556809	317847.18620291667
33 31 29 27 25 23 21 19 17 14 12 10 8 6 4 2 1 3 5 7 9 11 13 15 16 18 20 22 24 26 28 30 32 34 35 36 37 38 39 40 	29894.18835061243	315502.8347992386
24 26 23 21 19 17 15 13 11 9 7 5 3 1 2 4 6 8 10 12 14 16 18 20 22 25 27 28 29 30 31 32 33 34 35 36 37 38 39 40 	27333.70233446074	330254.92917652236
29 27 26 24 22 20 18 16 13 11 9 7 5 3 1 2 4 6 8 10 12 14 15 17 19 21 23 25 28 30 31 32 33 34 35 36 37 38 39 40 	28445.161386904485	322770.5794307439
30 29 27 25 23 21 19 17 15 12 10 8 6 4 2 1 3 5 7 9 11 13 14 16 18 20 22 24 26 28 31 32 33 34 35 36 37 38 39 40 	29046.61821780789	319383.95052149106
24 25 22 21 19 17 15 13 11 9 7 5 3 1 2 4 6 8 10 12 14 16 18 20 23 26 27 28 29 30 31 32 33 34 35 36 37 38 39 40 	27311.35558667414	330426.0378383976
25 26 23 22 20 18 16 14 12 10 8 6 4 2 1 3 5 7 9 11 13 15 17 19 21 24 27 28 29 30 31 32 33 34 35 36 37 38 39 40 	27677.93669052737	327751.4098153584
31 29 27 25 23 21 19 17 15 13 11 9 7 4 2 1 3 5 6 8 10 12 14 16 18 20 22 24 26 28 30 32 33 34 35 36 37 38 39 40 	29110.182993502156	319051.2970510481
14 20 19 18 16 13 11 9 7 5 3 1 2 4 6 8 10 12 15 17 21 22 23 24 25 26 27 28 29 30 31 32 33 34 35 36 37 38 39 40 	25413.03646705067	347117.0453083719
18 22 21 19 16 14 12 10 8 6 4 3 1 2 5 7 9 11 13 15 17 20 23 24 25 26 27 28 29 30 31 32 33 34 35 36 37 38 39 40 	26146.3744198492	340192.8400554424
29 28 26 24 22 20 18 16 14 12 10 8 6 3 1 2 4 5 7 9 11 13 15 17 19 21 23 25 27 30 31 32 33 34 35 36 37 38 39 40 	28644.722567691984	321580.9982919822
7 15 18 16 14 12 10 8 5 3 2 1 4 6 9 11 13 17 19 20 21 22 23 24 25 26 27 28 29 30 31 32 33 34 35 36 37 38 39 40 	24312.720661131956	358424.9743944967
18 22 21 19 16 14 12 10 8 6 5 3 1 2 4 7 9 11 13 15 17 20 23 24 25 26 27 28 29 30 31 32 33 34 35 36 37 38 39 40 	26149.98423632088	340160.0305655949
39 37 34 32 30 28 25 23 21 19 17 15 13 11 9 6 4 2 1 3 5 7 8 10 12 14 16 18 20 22 24 26 27 29 31 33 35 36 38 40 	32752.81358193419	309049.79643314925
36 33 31 29 27 25 23 21 18 16 14 12 10 8 6 4 2 1 3 5 7 9 11 13 15 17 19 20 22 24 26 28 30 32 34 35 37 38 39 40 	30856.402950373424	312240.23875302053
32 30 28 26 24 22 20 18 16 14 12 10 7 5 3 1 2 4 6 8 9 11 13 15 17 19 21 23 25 27 29 31 33 34 35 36 37 38 39 40 	29581.546273615226	316812.04010236973
36 34 32 30 27 25 23 21 19 17 15 13 11 9 6 4 2 1 3 5 7 8 10 12 14 16 18 20 22 24 26 28 29 31 33 35 37 38 39 40 	31231.509125899076	311285.04704070906
39 37 34 32 30 27 25 23 21 19 17 15 13 10 8 6 4 2 1 3 5 7 9 11 12 14 16 18 20 22 24 26 28 29 31 33 35 36 38 40 	32695.264392878136	309095.049608084
40 37 35 32 30 28 26 23 21 19 17 15 13 11 9 7 5 3 1 2 4 6 8 10 12 14 16 18 20 22 24 25 27 29 31 33 34 36 38 39 	32942.308665643905	308933.1594777715
40 38 35 33 31 29 26 24 22 20 18 16 14 12 9 7 5 3 1 2 4 6 8 10 11 13 15 17 19 21 23 25 27 28 30 32 34 36 37 39 	33255.97712336951	308859.3757201716
37 35 33 31 28 26 24 22 20 18 16 13 11 9 7 5 3 1 2 4 6 8 10 12 14 15 17 19 21 23 25 27 29 30 32 34 36 38 39 40 	31748.69819915703	310222.27168852143
2 15 17 16 14 12 10 8 6 4 1 3 5 7 9 11 13 18 19 20 21 22 23 24 25 26 27 28 29 30 31 32 33 34 35 36 37 38 39 40 	24077.21026292457	360968.0770847309
1 10 14 15 13 11 8 6 4 2 3 5 7 9 12 16 17 18 19 20 21 22 23 24 25 26 27 28 29 30 31 32 33 34 35 36 37 38 39 40 	23423.920971858497	368305.4887443758
21 23 22 19 17 15 13 12 10 8 6 4 2 1 3 5 7 9 11 14 16 18 20 24 25 26 27 28 29 30 31 32 33 34 35 36 37 38 39 40 	26660.888624915573	335681.5000411936
1 2 10 13 12 9 7 6 4 3 5 8 11 14 15 16 17 18 19 20 21 22 23 24 25 26 27 28 29 30 31 32 33 34 35 36 37 38 39 40 	22861.941329985595	375049.02199732163
18 22 21 19 16 14 12 11 9 7 5 3 1 2 4 6 8 10 13 15 17 20 23 24 25 26 27 28 29 30 31 32 33 34 35 36 37 38 39 40 	26182.8593791581	339861.83474700485
1 14 17 15 13 11 9 8 6 4 2 3 5 7 10 12 16 18 19 20 21 22 23 24 25 26 27 28 29 30 31 32 33 34 35 36 37 38 39 40 	23769.961229566627	364346.5662562859
36 34 31 29 27 25 23 21 18 16 14 12 10 8 6 4 2 1 3 5 7 9 11 13 15 17 19 20 22 24 26 28 30 32 33 35 37 38 39 40 	30982.823067049016	311905.3127854137
27 26 24 23 21 19 17 15 12 10 8 6 4 2 1 3 5 7 9 11 13 14 16 18 20 22 25 28 29 30 31 32 33 34 35 36 37 38 39 40 	28000.17472647368	325560.702278437
22 24 21 20 18 16 14 12 10 8 6 4 2 1 3 5 7 9 11 13 15 17 19 23 25 26 27 28 29 30 31 32 33 34 35 36 37 38 39 40 	26888.986670906248	333768.92372161645
1 7 13 14 12 10 8 6 4 2 3 5 9 11 15 16 17 18 19 20 21 22 23 24 25 26 27 28 29 30 31 32 33 34 35 36 37 38 39 40 	23153.220372739706	371503.99581527465
12 18 19 17 15 13 10 8 7 5 3 1 2 4 6 9 11 14 16 20 21 22 23 24 25 26 27 28 29 30 31 32 33 34 35 36 37 38 39 40 	25055.310161699217	350681.9147438825
1 2 10 12 11 9 7 5 3 4 6 8 13 14 15 16 17 18 19 20 21 22 23 24 25 26 27 28 29 30 31 32 33 34 35 36 37 38 39 40 	22821.81030999812	375548.0672651836
30 29 27 25 23 21 19 17 15 13 11 8 6 4 2 1 3 5 7 9 10 12 14 16 18 20 22 24 26 28 31 32 33 34 35 36 37 38 39 40 	29054.864167128053	319340.5022067667
38 36 34 31 29 27 25 23 20 18 16 14 12 10 8 6 4 2 1 3 5 7 9 11 13 15 17 19 21 22 24 26 28 30 32 33 35 37 39 40 	32125.395538036635	309672.97719434113
36 34 32 29 27 25 23 21 19 16 14 12 10 8 6 4 2 1 3 5 7 9 11 13 15 17 18 20 22 24 26 28 30 31 33 35 37 38 39 40 	31097.46945484026	311610.97148986603
37 34 32 30 28 25 23 21 19 17 15 13 11 9 7 5 3 1 2 4 6 8 10 12 14 16 18 20 22 24 26 27 29 31 33 35 36 38 39 40 	31449.62590219813	310798.96028387133
37 35 33 31 28 26 24 22 20 18 15 13 11 9 7 5 3 1 2 4 6 8 10 12 14 16 17 19 21 23 25 27 29 30 32 34 36 38 39 40 	31713.61237283567	310282.7788855622
40 38 35 33 31 28 26 24 22 20 18 16 13 11 9 7 5 3 1 2 4 6 8 10 12 14 15 17 19 21 23 25 27 29 30 32 34 36 37 39 	33138.507170699566	308868.8130914119
40 37 35 32 30 28 26 24 21 19 17 15 13 11 9 7 5 3 1 2 4 6 8 10 12 14 16 18 20 22 23 25 27 29 31 33 34 36 38 39 	32978.55591842296	308913.9479426213
32 30 28 26 24 22 20 18 16 14 12 10 8 5 3 1 2 4 6 7 9 11 13 15 17 19 21 23 25 27 29 31 33 34 35 36 37 38 39 40 	29587.187559534425	316786.5044404687
33 31 29 27 25 22 20 18 16 14 12 10 8 6 4 2 1 3 5 7 9 11 13 15 17 19 21 23 24 26 28 30 32 34 35 36 37 38 39 40 	29742.851140816423	316114.8992815047
38 36 34 31 29 27 25 22 20 18 16 14 12 10 8 6 4 2 1 3 5 7 9 11 13 15 17 19 21 23 24 26 28 30 32 33 35 37 39 40 	32107.89787600674	309694.80239998456
39 36 34 32 29 27 25 23 21 19 16 14 12 10 8 6 4 2 1 3 5 7 9 11 13 15 17 18 20 22 24 26 28 30 31 33 35 37 38 40 	32445.93181816933	309318.802441349
35 33 31 29 27 25 22 20 18 16 14 12 10 8 6 4 2 1 3 5 7 9 11 13 15 17 19 21 23 24 26 28 30 32 34 36 37 38 39 40 	30822.078048007188	312332.98421463795
39 37 34 32 30 28 25 23 21 19 17 15 13 11 8 6 4 2 1 3 5 7 9 10 12 14 16 18 20 22 24 26 27 29 31 33 35 36 38 40 	32746.762757870445	309054.4936128755
38 35 33 31 29 26 24 22 20 18 16 14 12 10 8 6 3 1 2 4 5 7 9 11 13 15 17 19 21 23 25 27 28 30 32 34 36 37 39 40 	31927.310302740767	309935.0153105274
38 35 33 31 29 27 24 22 20 18 16 14 12 10 8 6 4 2 1 3 5 7 9 11 13 15 17 19 21 23 25 26 28 30 32 34 36 37 39 40 	31971.513653354334	309869.8075977351
36 34 32 30 27 25 23 21 19 17 15 13 11 9 7 4 2 1 3 5 6 8 10 12 14 16 18 20 22 24 26 28 29 31 33 35 37 38 39 40 	31245.41752444453	311253.13056607853
17 21 20 18 16 14 12 10 8 6 4 2 1 3 5 7 9 11 13 15 19 22 23 24 25 26 27 28 29 30 31 32 33 34 35 36 37 38 39 40 	25837.114786212554	343048.6731595994
1 2 8 12 11 10 7 5 3 4 6 9 13 14 15 16 17 18 19 20 21 22 23 24 25 26 27 28 29 30 31 32 33 34 35 36 37 38 39 40 	22771.029801510944	376185.172393514
18 22 21 19 16 14 13 11 9 7 5 3 1 2 4 6 8 10 12 15 17 20 23 24 25 26 27 28 29 30 31 32 33 34 35 36 37 38 39 40 	26182.8593791581	339861.83474700485
21 23 22 19 17 15 13 11 9 7 5 3 1 2 4 6 8 10 12 14 16 18 20 24 25 26 27 28 29 30 31 32 33 34 35 36 37 38 39 40 	26551.826445088336	336606.7629222396
1 15 17 16 13 12 10 8 6 4 2 3 5 7 9 11 14 18 19 20 21 22 23 24 25 26 27 28 29 30 31 32 33 34 35 36 37 38 39 40 	23988.54146647981	361932.34337153874
1 2 3 8 10 9 6 4 5 7 11 12 13 14 15 16 17 18 19 20 21 22 23 24 25 26 27 28 29 30 31 32 33 34 35 36 37 38 39 40 	22515.314619180506	379460.0389902207
27 25 24 22 20 18 16 14 12 10 8 6 4 2 1 3 5 7 9 11 13 15 17 19 21 23 26 28 29 30 31 32 33 34 35 36 37 38 39 40 	27786.99921417522	326981.8333749937
23 25 22 20 18 16 14 12 10 8 6 4 2 1 3 5 7 9 11 13 15 17 19 21 24 26 27 28 29 30 31 32 33 34 35 36 37 38 39 40 	27008.796831924694	332796.7225643266
18 22 21 19 16 14 12 10 8 6 4 2 1 3 5 7 9 11 13 15 17 20 23 24 25 26 27 28 29 30 31 32 33 34 35 36 37 38 39 40 	26140.976065456256	340241.9266368237
16 21 20 18 15 13 12 10 8 6 4 2 1 3 5 7 9 11 14 17 19 22 23 24 25 26 27 28 29 30 31 32 33 34 35 36 37 38 39 40 	25688.77154456204	344455.06335333554
1 12 16 15 13 11 9 7 5 3 2 4 6 8 10 14 17 18 19 20 21 22 23 24 25 26 27 28 29 30 31 32 33 34 35 36 37 38 39 40 	23652.13053067979	365671.7891316094
5 15 18 16 14 12 10 8 6 3 1 2 4 7 9 11 13 17 19 20 21 22 23 24 25 26 27 28 29 30 31 32 33 34 35 36 37 38 39 40 	24227.950725616058	359333.9043776672
9 17 18 16 14 13 11 8 6 4 2 1 3 5 7 10 12 15 19 20 21 22 23 24 25 26 27 28 29 30 31 32 33 34 35 36 37 38 39 40 	24473.381744384304	356712.2197088156
7 15 18 16 14 12 10 8 5 4 2 1 3 6 9 11 13 17 19 20 21 22 23 24 25 26 27 28 29 30 31 32 33 34 35 36 37 38 39 40 	24312.720661131956	358424.9743944967
1 2 12 14 11 10 8 6 4 3 5 7 9 13 15 16 17 18 19 20 21 22 23 24 25 26 27 28 29 30 31 32 33 34 35 36 37 38 39 40 	22997.864752359892	373385.0595556285
1 12 16 15 13 10 9 7 5 3 2 4 6 8 11 14 17 18 19 20 21 22 23 24 25 26 27 28 29 30 31 32 33 34 35 36 37 38 39 40 	23642.701808008	365779.6877410202
1 10 14 15 12 11 8 6 4 2 3 5 7 9 13 16 17 18 19 20 21 22 23 24 25 26 27 28 29 30 31 32 33 34 35 36 37 38 39 40 	23423.920971858497	368305.4887443758
18 22 21 19 16 15 13 11 9 7 5 3 1 2 4 6 8 10 12 14 17 20 23 24 25 26 27 28 29 30 31 32 33 34 35 36 37 38 39 40 	26236.207014163076	339382.72417857824
21 23 22 19 17 15 13 11 9 7 6 4 2 1 3 5 8 10 12 14 16 18 20 24 25 26 27 28 29 30 31 32 33 34 35 36 37 38 39 40 	26558.02440157915	336554.1008579554
17 21 20 18 15 14 12 10 8 6 4 2 1 3 5 7 9 11 13 16 19 22 23 24 25 26 27 28 29 30 31 32 33 34 35 36 37 38 39 40 	25792.507981942625	343469.5886827932
7 17 18 16 14 12 11 9 6 4 2 1 3 5 8 10 13 15 19 20 21 22 23 24 25 26 27 28 29 30 31 32 33 34 35 36 37 38 39 40 	24434.665812775864	357121.79658304417
4 15 18 16 14 12 10 8 6 3 1 2 5 7 9 11 13 17 19 20 21 22 23 24 25 26 27 28 29 30 31 32 33 34 35 36 37 38 39 40 	24206.91073909689	359561.4245394372
15 21 20 18 16 13 12 10 8 6 4 2 1 3 5 7 9 11 14 17 19 22 23 24 25 26 27 28 29 30 31 32 33 34 35 36 37 38 39 40 	25653.33453151687	344793.31530115486
18 22 21 19 16 14 12 10 8 7 5 3 1 2 4 6 9 11 13 15 17 20 23 24 25 26 27 28 29 30 31 32 33 34 35 36 37 38 39 40 	26166.31276968763	340011.7398336124
15 20 19 18 16 13 11 9 7 6 4 2 1 3 5 8 10 12 14 17 21 22 23 24 25 26 27 28 29 30 31 32 33 34 35 36 37 38 39 40 	25523.241421668095	346042.26750176906
1 13 16 15 14 11 9 7 5 3 2 4 6 8 10 12 17 18 19 20 21 22 23 24 25 26 27 28 29 30 31 32 33 34 35 36 37 38 39 40 	23699.270617223305	365138.63328775787
37 35 33 30 28 26 24 22 19 17 15 13 11 9 7 5 3 1 2 4 6 8 10 12 14 16 18 20 21 23 25 27 29 31 32 34 36 38 39 40 	31634.2887443668	310423.8394076394
38 35 33 31 29 26 24 22 20 18 16 14 12 10 8 5 3 1 2 4 6 7 9 11 13 15 17 19 21 23 25 27 28 30 32 34 36 37 39 40 	31923.49844285097	309940.79131614347
32 31 29 26 24 22 20 18 16 14 12 10 8 6 4 2 1 3 5 7 9 11 13 15 17 19 21 23 25 27 28 30 33 34 35 36 37 38 39 40 	29675.0349864482	316404.17626649357
36 34 32 29 27 25 23 21 19 17 15 13 10 8 6 4 2 1 3 5 7 9 11 12 14 16 18 20 22 24 26 28 30 31 33 35 37 38 39 40 	31166.987680322953	311438.9045516515
33 32 29 27 25 23 21 19 17 15 13 11 9 7 4 2 1 3 5 6 8 10 12 14 16 18 20 22 24 26 28 30 31 34 35 36 37 38 39 40 	29998.66776366437	315099.9132069052
27 26 25 23 21 19 17 15 13 11 9 7 4 2 1 3 5 6 8 10 12 14 16 18 20 22 24 28 29 30 31 32 33 34 35 36 37 38 39 40 	28054.313354245143	325203.2547410692
24 25 22 20 19 17 15 13 11 9 7 5 3 1 2 4 6 8 10 12 14 16 18 21 23 26 27 28 29 30 31 32 33 34 35 36 37 38 39 40 	27291.872592038042	330577.3315322551
27 26 24 22 21 19 16 14 12 10 8 6 4 2 1 3 5 7 9 11 13 15 17 18 20 23 25 28 29 30 31 32 33 34 35 36 37 38 39 40 	27902.38870206609	326211.6081016708
15 21 19 18 16 13 11 10 8 6 4 2 1 3 5 7 9 12 14 17 20 22 23 24 25 26 27 28 29 30 31 32 33 34 35 36 37 38 39 40 	25611.447693681403	345194.1917170613
29 28 26 24 22 20 18 16 14 12 10 8 6 4 1 2 3 5 7 9 11 13 15 17 19 21 23 25 27 30 31 32 33 34 35 36 37 38 39 40 	28644.722567691984	321580.9982919822
29 27 25 24 22 19 17 15 13 11 9 7 5 3 1 2 4 6 8 10 12 14 16 18 20 21 23 26 28 30 31 32 33 34 35 36 37 38 39 40 	28347.28921247377	323360.75232402433
35 32 30 28 26 24 22 20 18 15 13 11 9 7 5 3 1 2 4 6 8 10 12 14 16 17 19 21 23 25 27 29 31 33 34 36 37 38 39 40 	30507.85955657995	313299.5882603921
30 28 27 25 23 20 18 16 14 12 10 8 6 4 2 1 3 5 7 9 11 13 15 17 19 21 22 24 26 29 31 32 33 34 35 36 37 38 39 40 	28805.01916171061	320687.2334864799
29 27 26 24 22 20 18 16 14 11 9 7 5 3 1 2 4 6 8 10 12 13 15 17 19 21 23 25 28 30 31 32 33 34 35 36 37 38 39 40 	28489.310428492372	322506.1697586358
32 30 28 26 24 22 20 18 16 14 12 10 8 6 3 1 2 4 5 7 9 11 13 15 17 19 21 23 25 27 29 31 33 34 35 36 37 38 39 40 	29591.203476298124	316768.4005424622
30 29 27 25 23 21 19 17 14 12 10 8 6 4 2 1 3 5 7 9 11 13 15 16 18 20 22 24 26 28 31 32 33 34 35 36 37 38 39 40 	28999.66568800544	319634.1912994027
32 30 28 26 24 22 20 18 16 14 12 10 8 6 4 1 2 3 5 7 9 11 13 15 17 19 21 23 25 27 29 31 33 34 35 36 37 38 39 40 	29591.203476298124	316768.4005424622
34 32 29 27 25 23 21 19 17 15 13 11 9 7 5 3 1 2 4 6 8 10 12 14 16 18 20 22 24 26 28 30 31 33 35 36 37 38 39 40 	30150.190190508776	314529.51990409225
35 33 31 28 26 24 22 20 18 16 14 11 9 7 5 3 1 2 4 6 8 10 12 13 15 17 19 21 23 25 27 29 30 32 34 36 37 38 39 40 	30612.820839880686	312965.6578541017
38 35 33 31 28 26 24 22 20 18 16 14 11 9 7 5 3 1 2 4 6 8 10 12 13 15 17 19 21 23 25 27 29 30 32 34 36 37 39 40 	31788.97156891702	310155.200929185
34 32 30 28 26 24 22 20 18 15 13 11 9 7 5 3 1 2 4 6 8 10 12 14 16 17 19 21 23 25 27 29 31 33 35 36 37 38 39 40 	30398.344694859097	313656.08296188305
39 36 34 31 29 27 25 23 21 18 16 14 12 10 8 6 4 2 1 3 5 7 9 11 13 15 17 19 20 22 24 26 28 30 32 33 35 37 38 40 	32335.386933566253	309437.15135920444
33 31 29 27 25 23 21 19 17 15 13 11 9 6 4 2 1 3 5 7 8 10 12 14 16 18 20 22 24 26 28 30 32 34 35 36 37 38 39 40 	29953.991558083366	315269.3971437147
35 33 31 29 27 25 23 20 18 16 14 12 10 8 6 4 2 1 3 5 7 9 11 13 15 17 19 21 22 24 26 28 30 32 34 36 37 38 39 40 	30840.17964706564	312283.3526587199
26 25 23 22 20 18 16 14 12 10 8 6 4 2 1 3 5 7 9 11 13 15 17 19 21 24 27 28 29 30 31 32 33 34 35 36 37 38 39 40 	27677.93669052737	327751.4098153584
32 31 28 26 24 22 20 18 16 14 12 10 8 6 4 2 1 3 5 7 9 11 13 15 17 19 21 23 25 27 29 30 33 34 35 36 37 38 39 40 	29622.590169647036	316631.56422110426
14 19 20 17 15 13 11 9 7 5 3 1 2 4 6 8 10 12 16 18 21 22 23 24 25 26 27 28 29 30 31 32 33 34 35 36 37 38 39 40 	25304.054365805572	348190.7319250374
11 18 19 17 15 13 10 8 6 4 2 1 3 5 7 9 12 14 16 20 21 22 23 24 25 26 27 28 29 30 31 32 33 34 35 36 37 38 39 40 	24931.25907405824	351949.9023248251
21 23 22 19 18 16 14 12 10 8 6 4 2 1 3 5 7 9 11 13 15 17 20 24 25 26 27 28 29 30 31 32 33 34 35 36 37 38 39 40 	26816.228598443522	334374.0673505231
23 25 22 20 18 16 14 13 11 9 7 4 2 1 3 5 6 8 10 12 15 17 19 21 24 26 27 28 29 30 31 32 33 34 35 36 37 38 39 40 	27040.375602632666	332547.7425859038
27 26 24 23 21 19 17 15 13 11 8 6 4 2 1 3 5 7 9 10 12 14 16 18 20 22 25 28 29 30 31 32 33 34 35 36 37 38 39 40 	28008.701484050027	325504.25582100777
29 28 26 24 22 20 18 16 14 12 10 7 5 3 1 2 4 6 8 9 11 13 15 17 19 21 23 25 27 30 31 32 33 34 35 36 37 38 39 40 	28634.769855140392	321639.9295976858
23 25 22 20 19 17 15 13 11 9 7 5 3 1 2 4 6 8 10 12 14 16 18 21 24 26 27 28 29 30 31 32 33 34 35 36 37 38 39 40 	27231.4909699879	331048.1726030517
19 22 21 18 17 15 13 11 9 7 5 3 1 2 4 6 8 10 12 14 16 20 23 24 25 26 27 28 29 30 31 32 33 34 35 36 37 38 39 40 	26327.58000606811	338565.13193198136
21 23 22 19 17 15 13 11 9 8 6 4 2 1 3 5 7 10 12 14 16 18 20 24 25 26 27 28 29 30 31 32 33 34 35 36 37 38 39 40 	26564.26778856643	336501.07665378606
13 19 20 17 15 14 11 9 7 5 3 1 2 4 6 8 10 12 16 18 21 22 23 24 25 26 27 28 29 30 31 32 33 34 35 36 37 38 39 40 	25250.676911057082	348723.84465129493
18 22 21 19 16 14 12 10 9 7 5 3 1 2 4 6 8 11 13 15 17 20 23 24 25 26 27 28 29 30 31 32 33 34 35 36 37 38 39 40 	26173.624893564884	339945.42003942485
20 22 21 19 17 15 13 11 9 7 5 3 1 2 4 6 8 10 12 14 16 18 23 24 25 26 27 28 29 30 31 32 33 34 35 36 37 38 39 40 	26436.13900742852	337608.0970799163
7 17 18 16 14 12 10 8 6 4 2 1 3 5 9 11 13 15 19 20 21 22 23 24 25 26 27 28 29 30 31 32 33 34 35 36 37 38 39 40 	24418.943833732756	357288.8466293054
27 26 24 23 21 19 17 14 12 10 8 6 4 2 1 3 5 7 9 11 13 15 16 18 20 22 25 28 29 30 31 32 33 34 35 36 37 38 39 40 	27951.45395399572	325884.7667224264
29 27 25 24 22 20 17 15 13 11 9 7 5 3 1 2 4 6 8 10 12 14 16 18 19 21 23 26 28 30 31 32 33 34 35 36 37 38 39 40 	28347.28921247377	323360.75232402433
15 20 19 18 16 13 11 9 8 6 4 2 1 3 5 7 10 12 14 17 21 22 23 24 25 26 27 28 29 30 31 32 33 34 35 36 37 38 39 40 	25529.75300301365	345979.5416677567
33 32 29 27 25 23 21 19 17 15 13 11 9 7 5 2 1 3 4 6 8 10 12 14 16 18 20 22 24 26 28 30 31 34 35 36 37 38 39 40 	30001.832514118545	315087.97106051596
14 19 20 17 16 13 11 9 7 5 3 1 2 4 6 8 10 12 15 18 21 22 23 24 25 26 27 28 29 30 31 32 33 34 35 36 37 38 39 40 	25346.43086319966	347769.62706076336
31 29 28 25 23 21 19 17 15 13 11 9 7 5 3 1 2 4 6 8 10 12 14 16 18 20 22 24 26 27 30 32 33 34 35 36 37 38 39 40 	29169.50573884858	318757.12954567734
25 26 23 21 20 18 16 14 12 10 7 5 3 1 2 4 6 8 9 11 13 15 17 19 22 24 27 28 29 30 31 32 33 34 35 36 37 38 39 40 	27605.46204504021	328274.862567461
16 21 20 18 15 14 12 10 8 6 4 2 1 3 5 7 9 11 13 17 19 22 23 24 25 26 27 28 29 30 31 32 33 34 35 36 37 38 39 40 	25739.145437065894	343975.70033013524
27 26 24 23 21 19 17 15 13 11 9 6 4 2 1 3 5 7 8 10 12 14 16 18 20 22 25 28 29 30 31 32 33 34 35 36 37 38 39 40 	28015.476050975885	325459.504184771
30 28 26 25 22 20 18 16 14 12 10 8 6 4 2 1 3 5 7 9 11 13 15 17 19 21 23 24 27 29 31 32 33 34 35 36 37 38 39 40 	28735.388405249905	321069.2184722877
27 26 25 23 21 19 17 15 13 11 9 7 5 2 1 3 4 6 8 10 12 14 16 18 20 22 24 28 29 30 31 32 33 34 35 36 37 38 39 40 	28057.671269575272	325181.141332428
27 26 24 22 21 19 17 14 12 10 8 6 4 2 1 3 5 7 9 11 13 15 16 18 20 23 25 28 29 30 31 32 33 34 35 36 37 38 39 40 	27930.62528014365	326023.3927036612
35 33 31 29 26 24 22 20 18 16 14 12 10 8 6 4 1 2 3 5 7 9 11 13 15 17 19 21 23 25 27 28 30 32 34 36 37 38 39 40 	30755.914778513335	312525.1453356052
35 33 31 28 26 24 22 20 18 16 14 12 10 8 6 3 1 2 4 5 7 9 11 13 15 17 19 21 23 25 27 29 30 32 34 36 37 38 39 40 	30706.603455417437	312674.8215169977
38 35 33 31 29 26 24 22 20 18 16 14 12 10 8 6 4 1 2 3 5 7 9 11 13 15 17 19 21 23 25 27 28 30 32 34 36 37 39 40 	31927.310302740767	309935.0153105274
29 28 26 24 22 20 18 16 14 12 10 8 5 3 1 2 4 6 7 9 11 13 15 17 19 21 23 25 27 30 31 32 33 34 35 36 37 38 39 40 	28640.585223368405	321605.46350588556
31 30 28 26 24 22 20 17 15 13 11 9 7 5 3 1 2 4 6 8 10 12 14 16 18 19 21 23 25 27 29 32 33 34 35 36 37 38 39 40 	29323.063702544525	318011.9346791861
29 27 26 24 22 20 18 16 14 12 9 7 5 3 1 2 4 6 8 10 11 13 15 17 19 21 23 25 28 30 31 32 33 34 35 36 37 38 39 40 	28526.32924587388	322285.34476019477
33 32 29 27 25 23 21 19 17 15 13 11 9 6 4 2 1 3 5 7 8 10 12 14 16 18 20 22 24 26 28 30 31 34 35 36 37 38 39 40 	29984.389706497434	315154.0355598444
25 26 23 21 19 18 16 14 12 9 7 5 3 1 2 4 6 8 10 11 13 15 17 20 22 24 27 28 29 30 31 32 33 34 35 36 37 38 39 40 	27550.978791382735	328670.4295653193
1 14 17 16 13 11 10 8 6 4 2 3 5 7 9 12 15 18 19 20 21 22 23 24 25 26 27 28 29 30 31 32 33 34 35 36 37 38 39 40 	23869.537575512917	363241.52306682226
8 17 18 16 14 12 11 9 6 4 2 1 3 5 7 10 13 15 19 20 21 22 23 24 25 26 27 28 29 30 31 32 33 34 35 36 37 38 39 40 	24457.438899134777	356880.61979206896
3 15 17 16 14 12 10 8 6 4 1 2 5 7 9 11 13 18 19 20 21 22 23 24 25 26 27 28 29 30 31 32 33 34 35 36 37 38 39 40 	24137.57766867979	360312.11854803836
23 25 22 20 18 16 14 13 11 9 7 5 3 1 2 4 6 8 10 12 15 17 19 21 24 26 27 28 29 30 31 32 33 34 35 36 37 38 39 40 	27049.049792884434	332479.3859336163
27 26 25 23 21 19 17 15 13 11 9 6 4 2 1 3 5 7 8 10 12 14 16 18 20 22 24 28 29 30 31 32 33 34 35 36 37 38 39 40 	28039.14876747213	325303.2523313966
23 25 22 20 18 16 14 12 11 9 6 4 2 1 3 5 7 8 10 13 15 17 19 21 24 26 27 28 29 30 31 32 33 34 35 36 37 38 39 40 	27024.67170674646	332671.5413937543
21 23 22 19 17 15 14 12 10 8 6 4 2 1 3 5 7 9 11 13 16 18 20 24 25 26 27 28 29 30 31 32 33 34 35 36 37 38 39 40 	26708.79122913353	335276.3418332964
25 26 23 21 19 18 16 14 12 10 7 5 3 1 2 4 6 8 9 11 13 15 17 20 22 24 27 28 29 30 31 32 33 34 35 36 37 38 39 40 	27605.46204504021	328274.862567461
12 18 19 17 15 13 10 8 6 4 2 1 3 5 7 9 11 14 16 20 21 22 23 24 25 26 27 28 29 30 31 32 33 34 35 36 37 38 39 40 	25028.850681455435	350951.36804318026
15 20 19 18 16 13 11 9 7 5 4 2 1 3 6 8 10 12 14 17 21 22 23 24 25 26 27 28 29 30 31 32 33 34 35 36 37 38 39 40 	25518.6228501712	346086.83492650243
10 18 19 16 15 13 11 8 6 4 2 1 3 5 7 9 12 14 17 20 21 22 23 24 25 26 27 28 29 30 31 32 33 34 35 36 37 38 39 40 	24884.737521999417	352428.0857001044
9 17 19 16 14 13 11 8 6 4 2 1 3 5 7 10 12 15 18 20 21 22 23 24 25 26 27 28 29 30 31 32 33 34 35 36 37 38 39 40 	24581.944385831997	355579.3773257673
1 14 17 15 13 11 9 7 6 4 2 3 5 8 10 12 16 18 19 20 21 22 23 24 25 26 27 28 29 30 31 32 33 34 35 36 37 38 39 40 	23763.982154766763	364413.18121239054
15 21 20 18 16 13 11 10 8 6 4 2 1 3 5 7 9 12 14 17 19 22 23 24 25 26 27 28 29 30 31 32 33 34 35 36 37 38 39 40 	25611.447693681403	345194.1917170613
1 10 15 14 13 11 8 6 4 3 2 5 7 9 12 16 17 18 19 20 21 22 23 24 25 26 27 28 29 30 31 32 33 34 35 36 37 38 39 40 	23435.690469882706	368167.8208915178
7 17 18 16 14 12 10 9 6 4 2 1 3 5 8 11 13 15 19 20 21 22 23 24 25 26 27 28 29 30 31 32 33 34 35 36 37 38 39 40 	24425.77407484214	357216.06992158346
12 18 20 17 15 14 11 9 7 5 3 1 2 4 6 8 10 13 16 19 21 22 23 24 25 26 27 28 29 30 31 32 33 34 35 36 37 38 39 40 	25119.988824855198	350031.5791417495
12 18 19 17 15 13 10 8 6 4 3 1 2 5 7 9 11 14 16 20 21 22 23 24 25 26 27 28 29 30 31 32 33 34 35 36 37 38 39 40 	25034.480831351248	350893.9094612534
1 9 14 15 12 11 8 6 4 2 3 5 7 10 13 16 17 18 19 20 21 22 23 24 25 26 27 28 29 30 31 32 33 34 35 36 37 38 39 40 	23304.767004679154	369704.893493048
15 21 19 18 16 13 11 9 8 6 4 2 1 3 5 7 10 12 14 17 20 22 23 24 25 26 27 28 29 30 31 32 33 34 35 36 37 38 39 40 	25552.262297482994	345762.82612716657
12 18 19 17 15 13 10 8 6 5 3 1 2 4 7 9 11 14 16 20 21 22 23 24 25 26 27 28 29 30 31 32 33 34 35 36 37 38 39 40 	25038.248236538617	350855.5037881372
38 35 33 31 28 26 24 22 20 18 16 14 12 9 7 5 3 1 2 4 6 8 10 11 13 15 17 19 21 23 25 27 29 30 32 34 36 37 39 40 	31822.863087287195	310100.4652585424
39 36 34 32 29 27 25 23 21 18 16 14 12 10 8 6 4 2 1 3 5 7 9 11 13 15 17 19 20 22 24 26 28 30 31 33 35 37 38 40 	32361.86201599759	309408.23017761396
29 27 25 24 21 19 17 15 13 11 9 7 5 3 1 2 4 6 8 10 12 14 16 18 20 22 23 26 28 30 31 32 33 34 35 36 37 38 39 40 	28290.150589535893	323708.1094766289
38 35 33 31 29 26 24 22 20 18 16 14 12 9 7 5 3 1 2 4 6 8 10 11 13 15 17 19 21 23 25 27 28 30 32 34 36 37 39 40 	31869.834558227984	310025.04323882406
23 25 22 20 18 16 14 12 11 8 6 4 2 1 3 5 7 9 10 13 15 17 19 21 24 26 27 28 29 30 31 32 33 34 35 36 37 38 39 40 	27017.648890765733	332726.9174031858
31 29 27 25 23 21 19 17 15 13 11 9 7 5 2 1 3 4 6 8 10 12 14 16 18 20 22 24 26 28 30 32 33 34 35 36 37 38 39 40 	29113.438404295513	319034.3267147327
25 26 23 21 20 18 16 14 12 10 8 5 3 1 2 4 6 7 9 11 13 15 17 19 22 24 27 28 29 30 31 32 33 34 35 36 37 38 39 40 	27611.476105995724	328231.2444929154
23 25 22 20 18 16 15 13 11 9 7 5 3 1 2 4 6 8 10 12 14 17 19 21 24 26 27 28 29 30 31 32 33 34 35 36 37 38 39 40 	27099.86418417851	332079.1885569949
40 38 35 33 31 28 26 24 22 20 18 15 13 11 9 7 5 3 1 2 4 6 8 10 12 14 16 17 19 21 23 25 27 29 30 32 34 36 37 39 	33104.32423725065	308874.54573541164
1 14 17 16 13 11 9 8 6 4 2 3 5 7 10 12 15 18 19 20 21 22 23 24 25 26 27 28 29 30 31 32 33 34 35 36 37 38 39 40 	23813.065320687678	363867.39670177177
40 37 35 33 30 28 26 24 22 20 17 15 13 11 9 7 5 3 1 2 4 6 8 10 12 14 16 18 19 21 23 25 27 29 31 32 34 36 38 39 	33027.62010634509	308893.21340460196
1 2 3 9 10 8 6 4 5 7 11 12 13 14 15 16 17 18 19 20 21 22 23 24 25 26 27 28 29 30 31 32 33 34 35 36 37 38 39 40 	22518.629111392016	379416.67119422945
1 2 5 10 11 9 7 4 3 6 8 12 13 14 15 16 17 18 19 20 21 22 23 24 25 26 27 28 29 30 31 32 33 34 35 36 37 38 39 40 	22615.321133846926	378163.2358275938
39 37 35 32 30 28 26 23 21 19 17 15 13 11 9 7 5 3 1 2 4 6 8 10 12 14 16 18 20 22 24 25 27 29 31 33 34 36 38 40 	32863.450273311326	308977.6821768007
40 38 35 33 31 29 26 24 22 20 18 16 14 11 9 7 5 3 1 2 4 6 8 10 12 13 15 17 19 21 23 25 27 28 30 32 34 36 37 39 	33222.90155946677	308860.9977043329
1 2 3 9 11 8 7 5 4 6 10 12 13 14 15 16 17 18 19 20 21 22 23 24 25 26 27 28 29 30 31 32 33 34 35 36 37 38 39 40 	22537.46965675446	379171.61156576924
39 37 34 32 30 28 25 23 21 19 17 15 13 11 9 7 5 2 1 3 4 6 8 10 12 14 16 18 20 22 24 26 27 29 31 33 35 36 38 40 	32769.401936446535	309037.4846356643
39 37 34 32 30 28 25 23 21 19 17 15 13 11 9 7 4 2 1 3 5 6 8 10 12 14 16 18 20 22 24 26 27 29 31 33 35 36 38 40 	32766.390619088437	309039.6666811052
1 7 13 14 12 10 9 6 4 2 3 5 8 11 15 16 17 18 19 20 21 22 23 24 25 26 27 28 29 30 31 32 33 34 35 36 37 38 39 40 	23159.554737874994	371428.2419252014
1 2 4 10 11 9 7 5 3 6 8 12 13 14 15 16 17 18 19 20 21 22 23 24 25 26 27 28 29 30 31 32 33 34 35 36 37 38 39 40 	22607.22235183587	378267.324037324
1 4 12 14 11 10 8 6 3 2 5 7 9 13 15 16 17 18 19 20 21 22 23 24 25 26 27 28 29 30 31 32 33 34 35 36 37 38 39 40 	23037.62852273179	372900.5316826888
1 2 8 12 11 9 7 5 3 4 6 10 13 14 15 16 17 18 19 20 21 22 23 24 25 26 27 28 29 30 31 32 33 34 35 36 37 38 39 40 	22723.583067225292	376782.7950415127
1 2 3 10 11 8 7 5 4 6 9 12 13 14 15 16 17 18 19 20 21 22 23 24 25 26 27 28 29 30 31 32 33 34 35 36 37 38 39 40 	22601.403445635762	378342.41315688734
7 15 18 17 14 12 10 8 5 4 2 1 3 6 9 11 13 16 19 20 21 22 23 24 25 26 27 28 29 30 31 32 33 34 35 36 37 38 39 40 	24343.015579866216	358100.8244142963
1 2 3 4 9 8 6 5 7 10 11 12 13 14 15 16 17 18 19 20 21 22 23 24 25 26 27 28 29 30 31 32 33 34 35 36 37 38 39 40 	22423.84798459751	380669.18343463
1 9 13 15 12 11 8 6 4 2 3 5 7 10 14 16 17 18 19 20 21 22 23 24 25 26 27 28 29 30 31 32 33 34 35 36 37 38 39 40 	23245.05091219739	370412.35316285666
1 2 7 12 11 9 6 5 3 4 8 10 13 14 15 16 17 18 19 20 21 22 23 24 25 26 27 28 29 30 31 32 33 34 35 36 37 38 39 40 	22698.89091506648	377096.65355741023
1 2 11 13 12 9 8 6 4 3 5 7 10 14 15 16 17 18 19 20 21 22 23 24 25 26 27 28 29 30 31 32 33 34 35 36 37 38 39 40 	22880.55410046749	374818.9271352072
7 16 18 17 14 12 10 8 5 4 2 1 3 6 9 11 13 15 19 20 21 22 23 24 25 26 27 28 29 30 31 32 33 34 35 36 37 38 39 40 	24403.84779818029	357450.1685130621
1 9 13 15 12 10 8 6 4 2 3 5 7 11 14 16 17 18 19 20 21 22 23 24 25 26 27 28 29 30 31 32 33 34 35 36 37 38 39 40 	23236.47335583512	370514.09002065024
7 16 18 17 14 12 10 8 6 4 2 1 3 5 9 11 13 15 19 20 21 22 23 24 25 26 27 28 29 30 31 32 33 34 35 36 37 38 39 40 	24408.683940257633	357398.4672499278
1 14 17 15 13 11 9 7 5 4 2 3 6 8 10 12 16 18 19 20 21 22 23 24 25 26 27 28 29 30 31 32 33 34 35 36 37 38 39 40 	23760.02794621964	364457.3875979369
1 5 13 14 12 10 8 6 3 2 4 7 9 11 15 16 17 18 19 20 21 22 23 24 25 26 27 28 29 30 31 32 33 34 35 36 37 38 39 40 	23092.330197351625	372238.20689648367
1 8 13 14 12 10 9 6 4 2 3 5 7 11 15 16 17 18 19 20 21 22 23 24 25 26 27 28 29 30 31 32 33 34 35 36 37 38 39 40 	23175.694799656107	371235.82183869334
1 3 12 14 11 10 8 6 4 2 5 7 9 13 15 16 17 18 19 20 21 22 23 24 25 26 27 28 29 30 31 32 33 34 35 36 37 38 39 40 	23037.62852273179	372900.5316826888
1 2 10 13 11 9 7 5 3 4 6 8 12 14 15 16 17 18 19 20 21 22 23 24 25 26 27 28 29 30 31 32 33 34 35 36 37 38 39 40 	22821.81030999812	375548.0672651836
36 34 32 30 28 25 23 21 19 17 15 13 11 9 7 5 2 1 3 4 6 8 10 12 14 16 18 20 22 24 26 27 29 31 33 35 37 38 39 40 	31294.247828248986	311142.11869865085
31 30 28 25 23 21 19 17 15 13 11 9 7 5 3 1 2 4 6 8 10 12 14 16 18 20 22 24 26 27 29 32 33 34 35 36 37 38 39 40 	29227.838832650577	318471.3179945444
23 25 22 20 18 16 14 13 11 9 7 5 2 1 3 4 6 8 10 12 15 17 19 21 24 26 27 28 29 30 31 32 33 34 35 36 37 38 39 40 	27043.850493365197	332520.355821232
25 26 23 21 19 17 16 14 11 9 7 5 3 1 2 4 6 8 10 12 13 15 18 20 22 24 27 28 29 30 31 32 33 34 35 36 37 38 39 40 	27450.678626575314	329399.78091165755
21 23 22 19 17 15 13 11 9 7 5 4 2 1 3 6 8 10 12 14 16 18 20 24 25 26 27 28 29 30 31 32 33 34 35 36 37 38 39 40 	26553.59031214878	336591.7731670637
25 26 23 21 20 18 16 14 12 10 8 6 4 1 2 3 5 7 9 11 13 15 17 19 22 24 27 28 29 30 31 32 33 34 35 36 37 38 39 40 	27615.751539259953	328200.26376806834
27 26 25 23 21 19 17 15 13 11 9 7 5 3 1 2 4 6 8 10 12 14 16 18 20 22 24 28 29 30 31 32 33 34 35 36 37 38 39 40 	28062.69758737991	325148.0676197939
21 23 22 19 17 15 13 11 10 8 6 4 2 1 3 5 7 9 12 14 16 18 20 24 25 26 27 28 29 30 31 32 33 34 35 36 37 38 39 40 	26620.908658661334	336020.3754576382
25 26 23 21 19 18 16 14 11 9 7 5 3 1 2 4 6 8 10 12 13 15 17 20 22 24 27 28 29 30 31 32 33 34 35 36 37 38 39 40 	27512.596813517448	328949.3977551089
25 26 23 21 20 18 16 14 12 10 8 6 3 1 2 4 5 7 9 11 13 15 17 19 22 24 27 28 29 30 31 32 33 34 35 36 37 38 39 40 	27615.751539259953	328200.26376806834
37 35 32 30 28 26 23 21 19 17 15 13 11 9 7 5 3 1 2 4 6 8 10 12 14 16 18 20 22 24 25 27 29 31 33 34 36 38 39 40 	31546.22584699731	310599.75067512394
30 29 27 25 23 21 19 17 15 13 11 9 7 4 2 1 3 5 6 8 10 12 14 16 18 20 22 24 26 28 31 32 33 34 35 36 37 38 39 40 	29076.116521863103	319229.3029018765
25 26 23 21 19 17 16 13 11 9 7 5 3 1 2 4 6 8 10 12 14 15 18 20 22 24 27 28 29 30 31 32 33 34 35 36 37 38 39 40 	27404.813130743838	329733.4430420526
30 28 27 25 23 21 18 16 14 12 10 8 6 4 2 1 3 5 7 9 11 13 15 17 19 20 22 24 26 29 31 32 33 34 35 36 37 38 39 40 	28822.533343351166	320591.9753012363
35 33 30 28 26 24 22 20 18 15 13 11 9 7 5 3 1 2 4 6 8 10 12 14 16 17 19 21 23 25 27 29 31 32 34 36 37 38 39 40 	30507.85955657995	313299.5882603921
4 15 17 16 14 12 10 8 6 3 1 2 5 7 9 11 13 18 19 20 21 22 23 24 25 26 27 28 29 30 31 32 33 34 35 36 37 38 39 40 	24137.57766867979	360312.11854803836
12 18 19 17 15 14 11 9 7 5 3 1 2 4 6 8 10 13 16 20 21 22 23 24 25 26 27 28 29 30 31 32 33 34 35 36 37 38 39 40 	25119.988824855198	350031.5791417495
1 14 16 15 13 11 9 7 5 3 2 4 6 8 10 12 17 18 19 20 21 22 23 24 25 26 27 28 29 30 31 32 33 34 35 36 37 38 39 40 	23726.920268997983	364828.0309917132
10 17 19 16 14 13 11 8 6 4 2 1 3 5 7 9 12 15 18 20 21 22 23 24 25 26 27 28 29 30 31 32 33 34 35 36 37 38 39 40 	24747.1259010552	353857.10005411535
6 15 18 16 14 12 10 8 5 3 2 1 4 7 9 11 13 17 19 20 21 22 23 24 25 26 27 28 29 30 31 32 33 34 35 36 37 38 39 40 	24246.954900983794	359130.0195125706
1 10 15 14 13 11 8 6 4 2 3 5 7 9 12 16 17 18 19 20 21 22 23 24 25 26 27 28 29 30 31 32 33 34 35 36 37 38 39 40 	23432.66420480707	368203.0946961754
1 5 13 14 11 10 8 6 3 2 4 7 9 12 15 16 17 18 19 20 21 22 23 24 25 26 27 28 29 30 31 32 33 34 35 36 37 38 39 40 	23051.891867880964	372727.26445682306
1 5 12 14 11 10 8 6 3 2 4 7 9 13 15 16 17 18 19 20 21 22 23 24 25 26 27 28 29 30 31 32 33 34 35 36 37 38 39 40 	23051.891867880964	372727.26445682306
6 15 18 16 14 12 10 8 5 3 1 2 4 7 9 11 13 17 19 20 21 22 23 24 25 26 27 28 29 30 31 32 33 34 35 36 37 38 39 40 	24245.0365035881	359150.59060144355
1 12 16 14 13 10 9 7 5 3 2 4 6 8 11 15 17 18 19 20 21 22 23 24 25 26 27 28 29 30 31 32 33 34 35 36 37 38 39 40 	23588.431856640058	366404.2046396716
1 15 17 16 13 11 10 8 6 4 2 3 5 7 9 12 14 18 19 20 21 22 23 24 25 26 27 28 29 30 31 32 33 34 35 36 37 38 39 40 	23947.5294839579	362383.3890862252
40 37 35 33 30 28 26 24 21 19 17 15 13 11 9 7 5 3 1 2 4 6 8 10 12 14 16 18 20 22 23 25 27 29 31 32 34 36 38 39 	32978.55591842296	308913.9479426213
39 36 34 32 30 27 25 23 21 19 17 14 12 10 8 6 4 2 1 3 5 7 9 11 13 15 16 18 20 22 24 26 28 29 31 33 35 37 38 40 	32518.823043408258	309249.60395829997
39 36 34 32 30 27 25 23 21 19 17 15 13 10 8 6 4 2 1 3 5 7 9 11 12 14 16 18 20 22 24 26 28 29 31 33 35 37 38 40 	32561.76735037869	309210.06987332494
1 11 15 14 13 10 8 6 5 3 2 4 7 9 12 16 17 18 19 20 21 22 23 24 25 26 27 28 29 30 31 32 33 34 35 36 37 38 39 40 	23447.171599444802	368034.30371587485
27 26 24 22 20 19 16 14 12 10 8 6 4 2 1 3 5 7 9 11 13 15 17 18 21 23 25 28 29 30 31 32 33 34 35 36 37 38 39 40 	27884.010228722746	326334.277987796
1 7 13 14 12 10 8 5 4 2 3 6 9 11 15 16 17 18 19 20 21 22 23 24 25 26 27 28 29 30 31 32 33 34 35 36 37 38 39 40 	23149.040749404157	371554.2485775855
39 37 34 32 30 28 26 23 21 19 17 15 13 11 9 7 5 3 1 2 4 6 8 10 12 14 16 18 20 22 24 25 27 29 31 33 35 36 38 40 	32773.9137612334	309034.27329167124
34 32 29 27 25 23 21 19 17 15 13 11 9 7 5 2 1 3 4 6 8 10 12 14 16 18 20 22 24 26 28 30 31 33 35 36 37 38 39 40 	30145.450275933345	314547.3572004043
36 34 32 30 27 25 23 21 19 17 15 13 11 9 7 5 2 1 3 4 6 8 10 12 14 16 18 20 22 24 26 28 29 31 33 35 37 38 39 40 	31248.501437565294	311246.1143526435
38 35 33 31 28 26 24 22 20 18 16 13 11 9 7 5 3 1 2 4 6 8 10 12 14 15 17 19 21 23 25 27 29 30 32 34 36 37 39 40 	31748.69819915703	310222.27168852143
13 18 20 17 15 14 11 9 7 5 3 1 2 4 6 8 10 12 16 19 21 22 23 24 25 26 27 28 29 30 31 32 33 34 35 36 37 38 39 40 	25119.988824855198	350031.5791417495
23 25 22 20 18 16 14 13 11 9 6 4 2 1 3 5 7 8 10 12 15 17 19 21 24 26 27 28 29 30 31 32 33 34 35 36 37 38 39 40 	27024.67170674646	332671.5413937543
1 10 15 14 13 11 8 6 5 3 2 4 7 9 12 16 17 18 19 20 21 22 23 24 25 26 27 28 29 30 31 32 33 34 35 36 37 38 39 40 	23438.72716049573	368132.48182217724
1 2 12 13 11 10 8 6 4 3 5 7 9 14 15 16 17 18 19 20 21 22 23 24 25 26 27 28 29 30 31 32 33 34 35 36 37 38 39 40 	22950.2965580648	373965.4781707677
1 2 3 7 10 9 6 4 5 8 11 12 13 14 15 16 17 18 19 20 21 22 23 24 25 26 27 28 29 30 31 32 33 34 35 36 37 38 39 40 	22507.1899757941	379566.7379708894
1 2 3 5 9 8 7 4 6 10 11 12 13 14 15 16 17 18 19 20 21 22 23 24 25 26 27 28 29 30 31 32 33 34 35 36 37 38 39 40 	22436.901428135923	380496.0512233691
1 2 8 12 11 9 6 5 3 4 7 10 13 14 15 16 17 18 19 20 21 22 23 24 25 26 27 28 29 30 31 32 33 34 35 36 37 38 39 40 	22710.21012171524	376952.5981298056
1 2 3 9 10 8 6 5 4 7 11 12 13 14 15 16 17 18 19 20 21 22 23 24 25 26 27 28 29 30 31 32 33 34 35 36 37 38 39 40 	22519.772044114532	379401.7575012591
1 2 3 4 7 8 5 6 9 10 11 12 13 14 15 16 17 18 19 20 21 22 23 24 25 26 27 28 29 30 31 32 33 34 35 36 37 38 39 40 	22412.063880151218	380826.94350008765
1 2 11 13 12 9 7 6 4 3 5 8 10 14 15 16 17 18 19 20 21 22 23 24 25 26 27 28 29 30 31 32 33 34 35 36 37 38 39 40 	22875.137253266294	374885.8137090747
1 2 10 13 12 9 7 5 4 3 6 8 11 14 15 16 17 18 19 20 21 22 23 24 25 26 27 28 29 30 31 32 33 34 35 36 37 38 39 40 	22858.720905347895	375088.98921519605
40 38 35 33 31 28 26 24 22 20 17 15 13 11 9 7 5 3 1 2 4 6 8 10 12 14 16 18 19 21 23 25 27 29 30 32 34 36 37 39 	33052.31272257033	308887.13248671143
1 2 6 10 11 9 7 4 3 5 8 12 13 14 15 16 17 18 19 20 21 22 23 24 25 26 27 28 29 30 31 32 33 34 35 36 37 38 39 40 	22625.631585470474	378030.938334875
1 2 6 12 10 9 7 5 3 4 8 11 13 14 15 16 17 18 19 20 21 22 23 24 25 26 27 28 29 30 31 32 33 34 35 36 37 38 39 40 	22669.996109726908	377464.91894822236
1 6 13 14 12 10 8 5 4 2 3 7 9 11 15 16 17 18 19 20 21 22 23 24 25 26 27 28 29 30 31 32 33 34 35 36 37 38 39 40 	23103.3731178631	372104.9068884923
1 11 16 14 13 10 9 7 5 3 2 4 6 8 12 15 17 18 19 20 21 22 23 24 25 26 27 28 29 30 31 32 33 34 35 36 37 38 39 40 	23516.939210156623	367228.5115025247
1 2 9 12 11 10 7 5 3 4 6 8 13 14 15 16 17 18 19 20 21 22 23 24 25 26 27 28 29 30 31 32 33 34 35 36 37 38 39 40 	22783.30820685755	376030.8314214729
1 6 13 14 12 10 8 5 3 2 4 7 9 11 15 16 17 18 19 20 21 22 23 24 25 26 27 28 29 30 31 32 33 34 35 36 37 38 39 40 	23103.3731178631	372104.9068884923
1 15 17 16 14 12 10 8 6 4 2 3 5 7 9 11 13 18 19 20 21 22 23 24 25 26 27 28 29 30 31 32 33 34 35 36 37 38 39 40 	24038.883723150117	361384.81168698636
40 38 35 33 31 28 26 24 22 20 18 16 14 11 9 7 5 3 1 2 4 6 8 10 12 13 15 17 19 21 23 25 27 29 30 32 34 36 37 39 	33177.78140593362	308864.74827126
21 23 22 19 17 15 13 11 9 7 5 3 2 1 4 6 8 10 12 14 16 18 20 24 25 26 27 28 29 30 31 32 33 34 35 36 37 38 39 40 	26553.59031214878	336591.7731670637
1 2 3 7 10 8 6 4 5 9 11 12 13 14 15 16 17 18 19 20 21 22 23 24 25 26 27 28 29 30 31 32 33 34 35 36 37 38 39 40 	22502.379824619205	379630.0691555668
1 2 3 4 7 8 6 5 9 10 11 12 13 14 15 16 17 18 19 20 21 22 23 24 25 26 27 28 29 30 31 32 33 34 35 36 37 38 39 40 	22413.301104016868	380810.3096885311
1 2 3 4 5 8 6 7 9 10 11 12 13 14 15 16 17 18 19 20 21 22 23 24 25 26 27 28 29 30 31 32 33 34 35 36 37 38 39 40 	22396.779073745653	381032.9074244519
1 2 3 10 11 9 7 5 4 6 8 12 13 14 15 16 17 18 19 20 21 22 23 24 25 26 27 28 29 30 31 32 33 34 35 36 37 38 39 40 	22607.22235183587	378267.324037324
1 2 6 12 10 9 7 4 3 5 8 11 13 14 15 16 17 18 19 20 21 22 23 24 25 26 27 28 29 30 31 32 33 34 35 36 37 38 39 40 	22667.784440114418	377493.12823121087
1 11 15 14 13 10 9 7 5 3 2 4 6 8 12 16 17 18 19 20 21 22 23 24 25 26 27 28 29 30 31 32 33 34 35 36 37 38 39 40 	23469.67932191923	367773.69471266354
40 38 35 33 30 28 26 24 22 20 17 15 13 11 9 7 5 3 1 2 4 6 8 10 12 14 16 18 19 21 23 25 27 29 31 32 34 36 37 39 	33027.62010634509	308893.21340460196
1 2 3 6 9 8 7 4 5 10 11 12 13 14 15 16 17 18 19 20 21 22 23 24 25 26 27 28 29 30 31 32 33 34 35 36 37 38 39 40 	22443.957334632352	380402.6478327186
1 2 3 9 11 8 6 5 4 7 10 12 13 14 15 16 17 18 19 20 21 22 23 24 25 26 27 28 29 30 31 32 33 34 35 36 37 38 39 40 	22527.12297632004	379306.1408494045
1 2 3 7 9 8 6 4 5 10 11 12 13 14 15 16 17 18 19 20 21 22 23 24 25 26 27 28 29 30 31 32 33 34 35 36 37 38 39 40 	22457.984584357142	380217.0801743479
1 2 3 5 9 8 6 4 7 10 11 12 13 14 15 16 17 18 19 20 21 22 23 24 25 26 27 28 29 30 31 32 33 34 35 36 37 38 39 40 	22429.760958371422	380590.6937369498
1 2 3 4 8 7 6 5 9 10 11 12 13 14 15 16 17 18 19 20 21 22 23 24 25 26 27 28 29 30 31 32 33 34 35 36 37 38 39 40 	22414.833130022267	380789.7821562398
1 2 7 12 10 9 6 5 3 4 8 11 13 14 15 16 17 18 19 20 21 22 23 24 25 26 27 28 29 30 31 32 33 34 35 36 37 38 39 40 	22690.580784163132	377202.55575370137
1 2 3 4 5 7 6 8 9 10 11 12 13 14 15 16 17 18 19 20 21 22 23 24 25 26 27 28 29 30 31 32 33 34 35 36 37 38 39 40 	22394.18059218325	381068.0293261408
1 2 3 4 9 7 6 5 8 10 11 12 13 14 15 16 17 18 19 20 21 22 23 24 25 26 27 28 29 30 31 32 33 34 35 36 37 38 39 40 	22420.106570312586	380719.21902928926
1 2 3 4 6 8 5 7 9 10 11 12 13 14 15 16 17 18 19 20 21 22 23 24 25 26 27 28 29 30 31 32 33 34 35 36 37 38 39 40 	22399.672357447806	380993.8918020283
